0 0
5 6.04321e+06
10 9.45682e+06
15 1.81529e+07
20 2.33508e+07
25 3.10994e+07
30 3.62675e+07
35 3.67937e+07
40 2.23643e+07
45 4.64846e+07
50 5.58932e+07
55 6.32093e+07
60 6.30583e+07
65 7.18977e+07
70 7.50067e+07
75 6.74271e+07
80 7.49546e+07
85 7.60116e+07
90 9.34761e+07
95 1.02391e+08
100 1.15707e+08
105 1.18452e+08
110 1.22957e+08
115 1.32699e+08
120 1.37339e+08
125 1.2696e+08
130 2.57537e+07
135 1.25217e+08
140 1.54493e+08
145 1.5933e+08
150 1.62966e+08
155 1.50385e+08
160 1.70349e+08
165 1.77074e+08
170 1.71501e+08
175 1.90762e+08
180 1.87402e+08
185 2.02629e+08
190 1.94523e+08
195 1.66338e+08
200 2.20492e+08
